pad: 0
stride: 1
in_channels: 16
out_channels: 32
kernel for o0i0:
0.0141252, 0.0201167, 0.00457154, 
0.0406085, -0.00287273, -0.00518879, 
-0.00213361, 0.0172331, 0.0190876, 
kernel for o0i1:
-0.0508475, -0.0360573, -0.0474122, 
-0.0397047, -0.0576234, -0.0235866, 
-0.0565595, -0.0151395, -0.0350673, 
kernel for o0i2:
0.0354085, 0.016424, 0.0289214, 
0.0342454, 0.0373147, -0.00438508, 
0.0213995, 0.0104382, -0.000781545, 
kernel for o0i3:
-0.0340985, -0.00702617, 0.032586, 
0.0582526, 0.0137271, 0.0781145, 
0.011243, 0.0211974, -0.0015449, 
kernel for o0i4:
-0.00133198, -0.0083901, -0.0179524, 
-0.00239864, -0.00503873, 0.0611565, 
0.00823463, -0.0400631, 0.0165694, 
kernel for o0i5:
0.0520721, -0.00198189, 0.0261321, 
0.0286747, 0.00797349, 0.0624288, 
0.0152017, -0.00196998, 0.0192591, 
kernel for o0i6:
0.0058967, 0.00359506, 0.0231912, 
0.0452346, 0.00244954, 0.0440626, 
0.0498173, 0.0527218, 0.0387807, 
kernel for o0i7:
-0.00502711, 0.0268549, 0.0304006, 
0.0391252, -0.0184879, 0.0442167, 
0.0109112, -0.0130532, 0.0223846, 
kernel for o0i8:
-0.0878447, -0.0184114, -0.0197915, 
-0.0731413, -0.0324825, -0.0452257, 
-0.033847, -0.0455516, -0.00167183, 
kernel for o0i9:
-0.00499111, -0.0344532, 0.00867246, 
-0.0182232, -0.0204245, -0.00487686, 
0.0646948, -0.0182321, 0.0144121, 
kernel for o0i10:
-0.000373496, 0.040144, 0.0208796, 
0.0489545, 0.0498377, 0.070625, 
0.0479839, -0.0110023, 0.0301044, 
kernel for o0i11:
0.0384022, 0.0107216, 0.0392578, 
0.0456283, 0.0480273, 0.0704241, 
0.0285649, 0.0342445, 0.017333, 
kernel for o0i12:
0.028849, 0.00462516, 0.0451348, 
0.032525, 0.0357441, 0.0593563, 
0.062919, 0.0184221, 0.0236546, 
kernel for o0i13:
-0.0512115, -0.0442837, -0.0163602, 
-0.0682362, -0.0277145, -0.0342914, 
-0.0253943, -0.00461826, -0.0320699, 
kernel for o0i14:
0.0111042, -0.0263536, 0.00913106, 
-0.0132561, -0.00609021, 0.0348684, 
-0.000285227, 0.00401596, -0.0045648, 
kernel for o0i15:
-0.0473241, -0.0239625, 0.0261371, 
0.0512107, 0.0248529, 0.0637566, 
0.0447723, -0.0412459, 0.0281116, 
kernel for o1i0:
0.0152534, 0.0265452, -0.0827474, 
-0.0746802, -0.0109171, -0.00895308, 
-0.125116, -0.0537367, -0.0315184, 
kernel for o1i1:
0.0345515, 0.211673, 0.0605439, 
-0.0467639, 0.164988, 0.151596, 
-0.161251, 0.00604727, 0.125927, 
kernel for o1i2:
-0.0831965, -0.0212545, 0.0605825, 
-0.0992352, -0.049114, 0.0187146, 
-0.0955814, -0.0724297, 0.0239927, 
kernel for o1i3:
-0.00793936, -0.12063, -0.1649, 
0.0145911, -0.117329, -0.182357, 
-0.0323837, -0.110138, -0.137556, 
kernel for o1i4:
-0.047279, 0.174021, 0.267129, 
-0.0280244, 0.0216196, 0.181203, 
0.0188035, 0.0477161, 0.0689007, 
kernel for o1i5:
0.0361889, -0.177313, 0.051152, 
0.151992, -0.138318, -0.119787, 
0.210604, 0.00462742, -0.0945028, 
kernel for o1i6:
-0.0133261, -0.0357459, -0.0617554, 
-0.120811, -0.0859599, -0.0942929, 
-0.0950528, -0.15294, -0.071882, 
kernel for o1i7:
-0.00666677, -0.021395, 0.00966189, 
-0.0188004, -0.0246136, -0.0122889, 
-0.0298493, -0.036996, -0.00918492, 
kernel for o1i8:
0.00605067, 0.224851, 0.0525898, 
-0.124728, 0.102052, 0.134183, 
-0.210648, -0.0253557, 0.0651718, 
kernel for o1i9:
0.0998122, 0.1304, -0.0129237, 
0.0830655, 0.286288, 0.120046, 
-0.052517, 0.0928725, 0.124382, 
kernel for o1i10:
0.102393, -0.224534, -0.0350042, 
0.185084, -0.0559328, -0.123205, 
0.201995, 0.0280911, -0.112577, 
kernel for o1i11:
-0.0353065, -0.237567, -0.0459202, 
0.0330116, -0.174777, -0.144165, 
0.130953, -0.0789238, -0.154372, 
kernel for o1i12:
0.00872458, -0.0631237, 0.0865612, 
0.0472507, -0.0219037, -0.00635673, 
0.0362558, 0.00422417, -0.00350295, 
kernel for o1i13:
0.0172164, 0.205146, 0.038904, 
-0.0679709, 0.119486, 0.138795, 
-0.127524, 0.0113808, 0.0548092, 
kernel for o1i14:
-0.0385847, -0.000462943, -0.0716129, 
-0.088655, -0.00189642, -0.0195432, 
-0.137562, -0.0320488, -0.0591312, 
kernel for o1i15:
-0.0101326, -0.00157531, 0.0274948, 
0.0014196, 0.00445953, 0.0012214, 
-0.0389833, -0.0491421, 0.0479485, 
kernel for o2i0:
0.000965137, -0.00263732, 0.0118832, 
0.00256316, 0.0190588, 0.0306007, 
0.0141159, 0.0326961, 0.0433014, 
kernel for o2i1:
8.31826e-05, 0.0277806, 0.015091, 
-0.0197231, -0.00117335, -0.01029, 
-0.0295464, 0.00284313, 0.0224207, 
kernel for o2i2:
0.0159097, -0.00415572, 0.0173293, 
0.0221792, -0.0069932, -0.0103104, 
-0.00123551, 0.021967, 0.00662284, 
kernel for o2i3:
0.0698767, 0.0452784, 0.079494, 
0.0609009, 0.0276444, 0.0324432, 
0.052389, 0.0311703, 0.0509662, 
kernel for o2i4:
-0.0165896, 0.0131683, -0.00567705, 
0.0347213, 0.00639956, 0.00345669, 
0.0262421, -0.010821, 0.0499348, 
kernel for o2i5:
0.00198984, -0.0238804, -0.0138362, 
0.00889979, 0.0156289, 0.0109186, 
-0.0311153, 0.00234567, -0.0100968, 
kernel for o2i6:
0.0522104, 0.0274781, 0.0358251, 
0.0511717, 0.0468986, 0.0277498, 
0.0175113, 0.044062, 0.0378478, 
kernel for o2i7:
0.0630824, 0.0231596, 0.0120504, 
0.0232944, 0.0232843, 0.0384533, 
0.0544306, 0.0309106, 0.0215953, 
kernel for o2i8:
-0.00742582, -0.00160787, 0.00253206, 
-0.0422684, 0.00308727, 0.0125028, 
0.00720796, -0.0126179, 0.0192752, 
kernel for o2i9:
0.0688599, 0.0113763, 0.0641696, 
0.00952288, 0.00110012, 0.0163602, 
0.0509847, 0.00348643, 0.0474198, 
kernel for o2i10:
0.0100746, 0.00886387, -0.00505621, 
0.010234, 0.0217134, -0.0145665, 
-0.00824039, -0.0358387, -0.0101124, 
kernel for o2i11:
0.000419817, 0.0111002, -0.00505438, 
-0.0197276, 0.0105879, -0.0254975, 
0.00469427, -0.00292037, -0.00457024, 
kernel for o2i12:
-0.0362478, -0.0214699, -0.041307, 
0.0214152, -0.0221503, -0.0370679, 
0.00989729, -0.0312686, -0.0167312, 
kernel for o2i13:
0.0227038, 0.00447554, 0.0314215, 
-0.0293505, -0.00278896, 0.00612433, 
0.00932064, -0.00604628, 0.0209614, 
kernel for o2i14:
0.0217806, 0.0223259, 0.00121797, 
-0.0374565, 0.0167185, 0.0134408, 
0.0404112, 0.0373398, 0.0304196, 
kernel for o2i15:
0.0609664, 0.0745055, 0.0502349, 
0.0707559, 0.0146816, 0.07294, 
0.0012711, -0.06836, 0.0668423, 
kernel for o3i0:
0.00268663, 0.00761657, -0.0116476, 
0.0140034, -0.0352959, 0.00297857, 
-0.00128695, -0.00788054, 0.0178339, 
kernel for o3i1:
-0.0720756, -0.0480501, -0.0650967, 
-0.0686788, -0.0636125, -0.0587115, 
-0.0544651, -0.0267014, -0.0265347, 
kernel for o3i2:
0.0120886, -0.0159341, -0.0308705, 
-0.0387917, -0.032883, -0.0552128, 
-0.00254754, -0.0154567, 0.0352573, 
kernel for o3i3:
-0.0196889, 0.0297961, 0.0284601, 
0.023149, 0.0759179, 0.090694, 
-0.0384567, -0.0882785, -0.0692363, 
kernel for o3i4:
-0.0573675, 0.0103809, 0.107487, 
0.0436773, 0.0646621, 0.110718, 
-0.00869264, -0.0582542, -0.0511439, 
kernel for o3i5:
0.0216048, 0.0128166, -0.00174342, 
-0.0359083, -0.0128991, -0.00725758, 
-0.053933, -0.0443968, -0.0476604, 
kernel for o3i6:
0.12005, 0.0518424, 0.0996211, 
0.102993, 0.0554239, 0.108122, 
0.073218, 0.030816, 0.0182847, 
kernel for o3i7:
-0.0236699, 0.0584, -0.0220509, 
0.00441023, 0.104057, -0.0183938, 
-0.0161314, 0.00652472, 0.0167328, 
kernel for o3i8:
-0.0614097, -0.0832654, -0.0349949, 
-0.078927, -0.066318, -0.0655044, 
-0.0174241, -0.0598076, -0.0374058, 
kernel for o3i9:
-0.0149459, 0.0113093, 0.00930007, 
-0.0415611, -0.0421644, -0.00607593, 
0.00976205, -0.0318044, 0.000143873, 
kernel for o3i10:
0.0194762, -0.00759213, 0.00909996, 
0.00903711, 0.0148162, 0.00262439, 
-0.0426783, -0.0207529, -0.025885, 
kernel for o3i11:
0.00909203, 0.0386676, 0.00582105, 
0.00961278, 0.0373969, 0.00297819, 
-0.000211396, -0.0391269, 0.0143842, 
kernel for o3i12:
-0.0217363, -0.0288945, 0.00333457, 
0.0231178, -0.0139247, -0.00535662, 
0.0226355, 0.00526448, -0.0357294, 
kernel for o3i13:
-0.0273838, -0.0479277, -0.0334673, 
-0.0808032, -0.0646017, -0.0604184, 
-0.0482382, -0.0502206, -0.0221241, 
kernel for o3i14:
0.00519168, 0.00658496, -0.0217678, 
-0.0114461, 0.0188226, -0.0129933, 
0.00308901, 0.0182021, -0.00493428, 
kernel for o3i15:
-0.0328716, 0.0636676, -0.0167186, 
-0.0224957, 0.341377, 0.202082, 
-0.0402649, 0.0801073, 0.0450166, 
kernel for o4i0:
-0.00615963, -0.0154959, -0.0291502, 
-0.00299635, -0.0245403, -0.054799, 
-0.00996134, -0.0351994, -0.0489452, 
kernel for o4i1:
-0.00477404, -0.0210293, 0.00250792, 
-0.00891678, -0.0254035, -0.00310436, 
0.019027, -0.00291026, -0.00672135, 
kernel for o4i2:
0.00869197, -0.0203101, -0.048491, 
-0.0157063, -0.049552, -0.0361854, 
-0.00911046, -0.0266711, -0.0163859, 
kernel for o4i3:
-0.0104335, 0.00014343, 0.0136384, 
-0.00711447, -0.00257287, -0.00266692, 
-0.0100077, -0.000209864, -0.0087811, 
kernel for o4i4:
-0.0283902, -0.0391156, -0.0268041, 
-0.026106, -0.0420633, -0.0547956, 
0.0405556, 0.00288649, -0.00848612, 
kernel for o4i5:
0.0550805, 0.0474273, 0.00635397, 
0.0647715, 0.0654786, 0.0367254, 
0.0291864, 0.0356047, 0.0267373, 
kernel for o4i6:
0.0131502, -0.0051196, -0.00992711, 
-0.0194634, -0.0161683, -0.024909, 
-0.0123314, -0.0121147, -0.00599449, 
kernel for o4i7:
-0.0021838, -0.0170635, -0.0262169, 
0.0021333, -0.00617607, -0.0134593, 
-0.00296541, 0.00444264, -0.00774498, 
kernel for o4i8:
-0.0106445, -0.0100877, 0.0100948, 
-0.00627689, -0.0467387, -0.0183042, 
0.0268553, -0.00479323, 0.0172666, 
kernel for o4i9:
0.00106462, -0.00546293, -0.018872, 
-0.0460462, -0.0369388, -0.0391345, 
0.0116489, -0.0151284, -0.0346503, 
kernel for o4i10:
0.0272468, 0.0363105, 0.0165158, 
0.028805, 0.0428115, 0.0341014, 
0.015895, 0.0230833, 0.0086451, 
kernel for o4i11:
0.0242828, -0.00209427, -0.0194354, 
0.0326286, 0.0130943, -0.0120962, 
-0.0124169, -0.0148682, 0.00117117, 
kernel for o4i12:
-0.0403, -0.0272037, -0.0260089, 
-0.00477723, -0.0108231, -0.0245253, 
-0.0157533, -0.0315151, -0.020192, 
kernel for o4i13:
-0.0121182, -0.00532647, -0.00254756, 
-0.0346885, -0.0301747, -0.0396651, 
0.00383726, -0.0185329, -0.00479735, 
kernel for o4i14:
-0.0236383, -0.00644051, -0.0111527, 
-0.0133761, -0.0259821, -0.0126448, 
-0.0116189, -0.0136163, -0.0163606, 
kernel for o4i15:
-0.00991023, -0.0118593, -0.0394383, 
-0.0390068, -0.041398, -0.0467491, 
-0.0316846, -0.052789, -0.050991, 
kernel for o5i0:
0.033064, -0.029915, -0.0206671, 
0.00498341, 0.00963548, -0.0146984, 
0.00214256, -0.000145914, 0.0494833, 
kernel for o5i1:
-0.0403926, -0.0480889, -0.0419745, 
-0.0425743, -0.0480716, -0.0149848, 
-0.0450097, -0.0939243, 0.00103925, 
kernel for o5i2:
-0.0159503, -0.00953443, -0.0324008, 
-0.0701612, -0.041893, -0.0671776, 
-0.0296706, 0.0142706, 0.0502912, 
kernel for o5i3:
0.133782, -0.109239, 0.0766679, 
0.133733, -0.0322064, 0.0479977, 
-0.0988969, -0.177102, -0.143387, 
kernel for o5i4:
0.0588352, -0.114319, 0.0761867, 
0.0557373, -0.10757, 0.00133966, 
-0.120109, -0.217232, -0.085461, 
kernel for o5i5:
-0.087696, -0.031039, -0.0192899, 
-0.0492707, -0.0260006, -0.0190791, 
-0.0473145, -0.0578385, -0.00156155, 
kernel for o5i6:
0.118553, 0.0427454, 0.0765205, 
0.162247, 0.0864411, 0.171795, 
0.0649482, -0.0521908, 0.0350752, 
kernel for o5i7:
0.161723, -0.0609763, 0.174903, 
0.152619, -0.0408425, 0.088904, 
-0.0114281, -0.0582899, -0.0190428, 
kernel for o5i8:
-0.0218871, -0.0371622, -0.00177716, 
-0.0389708, -0.0486334, -0.0495729, 
-0.0270079, -0.0426863, 0.0340374, 
kernel for o5i9:
0.0809904, -0.081146, 0.0637641, 
0.0818893, -0.120778, 0.120198, 
0.00138, -0.094883, -0.00713592, 
kernel for o5i10:
-0.0122513, -0.107852, -0.0228196, 
0.003529, -0.0355092, 0.0187658, 
0.00166288, -0.0736196, -0.0195553, 
kernel for o5i11:
-0.0631174, 0.0196241, -0.0495901, 
-0.0245355, -0.0303081, -0.0498043, 
-0.0123895, -0.0721912, -0.00945305, 
kernel for o5i12:
-0.0301202, -0.0362104, 0.0371393, 
0.035015, -0.0266653, 0.00980348, 
0.0112072, 0.0223962, 0.0469406, 
kernel for o5i13:
-0.0658369, -0.0275753, -0.0255668, 
-0.0471837, -0.0226548, -0.08627, 
-0.059134, -0.0184619, -0.0230285, 
kernel for o5i14:
0.0280559, 0.0332786, 0.0933764, 
0.0952232, 0.0253362, 0.0100415, 
0.126417, 0.0981609, 0.138143, 
kernel for o5i15:
0.315834, -0.135186, 0.393522, 
0.351681, -0.313993, 0.184577, 
-0.210685, -0.130376, -0.0261798, 
kernel for o6i0:
-0.0576622, -0.0619039, 0.0147926, 
-0.00141766, -0.0103172, 0.0558476, 
-0.031324, -0.0302614, 0.0661921, 
kernel for o6i1:
-0.0909796, -0.0783514, -0.017533, 
-0.0531563, -0.022701, -0.0883483, 
-0.0327221, -0.0775621, -0.0720388, 
kernel for o6i2:
-0.00592179, -0.0593026, -0.0296948, 
-0.0776582, -0.0608207, -0.0727035, 
-0.0734876, -0.0115816, -0.0568152, 
kernel for o6i3:
-0.0040817, -0.0350992, 0.0451909, 
0.122035, 0.0509358, 0.187081, 
-0.0378248, -0.117889, -0.00386482, 
kernel for o6i4:
-0.0310126, -0.0173606, 0.0216911, 
0.0536815, 0.00472704, 0.0986391, 
-0.0277743, -0.0670003, -0.00556413, 
kernel for o6i5:
-0.065704, -0.0693138, -0.0593712, 
-0.0581743, -0.0537951, -0.0512055, 
-0.0589347, -0.0491142, 0.00195617, 
kernel for o6i6:
0.0697793, 0.0045316, 0.117706, 
0.142451, 0.0865917, 0.214088, 
0.046918, -0.0821254, -0.00662678, 
kernel for o6i7:
-0.0643435, -0.0872282, -0.11818, 
-0.0620381, -0.120407, 0.0388702, 
-0.0517222, -0.0965663, -0.011945, 
kernel for o6i8:
-0.0254826, -0.0490949, -0.0234395, 
-0.0582548, -0.116835, -0.0974299, 
-0.0329094, -0.0567154, -0.0342458, 
kernel for o6i9:
-0.0693495, -0.0740149, 0.00260104, 
-0.110482, -0.0773665, 0.0362694, 
-0.0857848, -0.0680759, 0.0615828, 
kernel for o6i10:
-0.0707783, -0.038997, -0.0419234, 
-0.00963831, -0.00522595, 0.0650444, 
-0.0628833, -0.106482, 0.0219411, 
kernel for o6i11:
-0.0280998, -0.0487972, 0.02355, 
-0.0886266, -0.047753, -0.0254398, 
-0.0182139, -0.0342385, -0.0071386, 
kernel for o6i12:
0.0253228, 0.0598216, 0.0738745, 
0.053674, 0.0587498, 0.0236464, 
0.0690219, 0.0287026, 0.0399366, 
kernel for o6i13:
-0.0553764, -0.0578398, 0.000540422, 
-0.0382511, -0.07832, -0.0512956, 
-0.0781203, -0.0684153, -0.0295056, 
kernel for o6i14:
-0.0400486, -0.0397741, 0.0625434, 
-0.0246647, 0.00468012, 0.00227248, 
0.0467103, 0.00138462, -0.0178116, 
kernel for o6i15:
-0.0489435, -0.0320247, -0.0738338, 
0.0759009, -0.117859, 0.145264, 
-0.0697762, -0.127551, 0.00150909, 
kernel for o7i0:
-0.0178345, -0.0192055, -0.0322339, 
-0.0214519, -0.0598551, -0.0626409, 
-0.0388258, -0.0581072, -0.0516953, 
kernel for o7i1:
0.0537118, 0.0344661, 0.0211888, 
0.0127557, -0.0561893, -0.0513189, 
0.0140832, -0.0195434, -0.0281943, 
kernel for o7i2:
-0.0562005, -0.121139, -0.0965938, 
-0.0722882, -0.0903962, -0.0754186, 
-0.0639121, -0.0472895, -0.0444599, 
kernel for o7i3:
-0.0235342, 0.00319696, -0.00485694, 
-0.019835, -0.014143, 0.0204741, 
-0.0110613, -0.00181929, 0.00181529, 
kernel for o7i4:
0.00077133, -0.0324988, -0.0395329, 
-0.0123245, -0.0333204, -0.0714626, 
0.0354152, 0.0350127, -0.0263392, 
kernel for o7i5:
0.0129687, 0.0253023, 0.0493778, 
0.0126443, 0.0709556, 0.0794935, 
0.0222488, 0.0683543, 0.0872484, 
kernel for o7i6:
-0.00642682, -0.0191733, -0.00158113, 
-0.0290579, -0.0602069, -0.0431447, 
-0.0190283, -0.0532738, -0.047531, 
kernel for o7i7:
-0.0188722, -0.0187598, -0.0327233, 
-0.0401515, -0.0203044, -0.0175123, 
-0.0275329, 0.00520963, 0.0086376, 
kernel for o7i8:
0.0471576, 0.0103781, 0.0188673, 
0.0125584, -0.0562093, -0.0611216, 
0.0470628, 0.00730207, -0.0373858, 
kernel for o7i9:
0.00545659, -0.0029075, -0.0273832, 
0.00159888, -0.016953, -0.0268647, 
-0.00984827, -0.0136252, -0.0159041, 
kernel for o7i10:
0.022366, 0.0424849, 0.0128653, 
-0.0174594, 0.032506, 0.0695558, 
-0.00472572, 0.0307615, 0.0316142, 
kernel for o7i11:
-0.0230326, -0.00516473, 0.0122352, 
-0.00463293, 0.0575457, 0.0712032, 
-0.0101482, 0.0578281, 0.0645679, 
kernel for o7i12:
-0.0750905, -0.078139, -0.0706724, 
-0.0423102, -0.0261235, -0.00154979, 
-0.0500444, 0.00227445, -0.0267198, 
kernel for o7i13:
0.046156, -0.0150384, 0.0212322, 
0.0184286, -0.0253019, -0.0627444, 
0.039045, -0.0319086, -0.0222752, 
kernel for o7i14:
0.011607, -0.016511, 0.011302, 
-0.0179475, -0.0677864, -0.0580237, 
-0.00760022, -0.0148681, -0.0329295, 
kernel for o7i15:
-0.0371883, -0.0350725, -0.0436503, 
-0.0399035, -0.0516982, -0.072953, 
-0.0327987, -0.0510923, -0.0480122, 
kernel for o8i0:
-0.0474241, -0.0586081, -0.0513891, 
-0.0808276, -0.121901, -0.0848569, 
-0.00278867, -0.0667705, -0.0799454, 
kernel for o8i1:
-0.0509589, 0.0224542, 0.124533, 
-0.0452654, -0.0871622, -0.0223664, 
0.249382, 0.141786, 0.00841759, 
kernel for o8i2:
-0.0566614, -0.0587124, -0.0775692, 
-0.0212161, -0.0621761, -0.0634819, 
-0.0411897, -0.0267082, -0.0395811, 
kernel for o8i3:
-0.014825, 0.054524, 0.0189079, 
-0.00600715, 0.0382126, 0.0420466, 
-0.0286772, -0.0382092, -0.0401008, 
kernel for o8i4:
-0.0460964, -0.0819234, 0.019677, 
0.0734777, 0.0312481, -0.0420519, 
0.0761266, 0.162236, 0.0946648, 
kernel for o8i5:
0.125627, 0.124107, 0.0270101, 
0.102206, 0.198396, 0.129935, 
-0.0432967, -0.0242775, 0.0687086, 
kernel for o8i6:
-0.0432186, -0.0124364, -0.0162416, 
-0.0618878, -0.0539074, -0.0323669, 
-0.033047, 0.00577373, -0.00817524, 
kernel for o8i7:
-0.0759325, -0.0221292, -0.0244643, 
-0.0387144, -0.0510057, -0.012442, 
-0.0702744, -0.0426246, -0.00696325, 
kernel for o8i8:
-0.0646733, -0.00861665, 0.0928449, 
0.0218079, -0.105744, -0.0761758, 
0.231353, 0.200065, 0.0422341, 
kernel for o8i9:
0.0176921, 0.046801, 0.0181878, 
-0.0496652, -0.0205433, -0.0676857, 
0.0733625, 0.0186308, -0.106602, 
kernel for o8i10:
0.11069, 0.157778, 0.0257626, 
0.0368146, 0.0652945, 0.0396616, 
-0.0680738, -0.113855, -0.0311195, 
kernel for o8i11:
0.0589511, 0.0320838, -0.0350148, 
0.0526454, 0.0951688, 0.0474771, 
-0.0586089, -0.0325672, 0.0526591, 
kernel for o8i12:
-0.0272514, -0.0576653, -0.10154, 
-0.0357629, -0.0502205, -0.0152935, 
-0.0534048, -0.0437185, 0.0017092, 
kernel for o8i13:
-0.0961052, -0.00643528, 0.103932, 
-0.05283, -0.0951097, -0.0421761, 
0.179717, 0.105412, -0.0133165, 
kernel for o8i14:
-0.0865246, -0.0365931, 0.022678, 
-0.0391095, -0.0764881, -0.0194569, 
0.0613111, -0.00154043, -0.0248067, 
kernel for o8i15:
-0.0299059, -0.0793931, -0.0404675, 
-0.0456951, -0.0540985, -0.0398736, 
-0.039813, -0.0392228, -0.036223, 
kernel for o9i0:
0.0305663, -0.0025673, 0.0180804, 
0.0446304, 0.0120453, 0.0124299, 
0.00919722, -0.00891468, 0.045193, 
kernel for o9i1:
0.0240208, 0.0112585, 0.0218255, 
0.0510669, -0.0308212, -0.0462691, 
0.0400215, -0.0117161, -0.0516519, 
kernel for o9i2:
0.0300231, -0.0362601, -0.051751, 
-0.0099001, -0.00211325, 0.0181239, 
0.0531037, 0.0598847, 0.0301107, 
kernel for o9i3:
0.00856971, -0.0406356, -0.00225326, 
-0.00279202, 0.027292, 0.0188509, 
-0.0591047, -0.0648207, -0.0112232, 
kernel for o9i4:
0.0779256, 0.0842173, -0.108447, 
0.00972632, 0.195158, -0.113514, 
0.0328986, 0.174276, -0.062244, 
kernel for o9i5:
-0.117004, 0.0166858, 0.0826645, 
-0.143659, 0.0882101, 0.101758, 
-0.0935793, 0.0460271, 0.178563, 
kernel for o9i6:
-0.0526417, -0.0782703, -0.0134983, 
-0.00999947, -0.00397016, -9.5283e-05, 
-0.0582515, -0.0746511, -0.0483766, 
kernel for o9i7:
0.0124691, 0.0274796, -0.0203791, 
0.0348067, 0.023235, 0.0702958, 
0.0603448, 0.00480707, 0.0591927, 
kernel for o9i8:
0.0191915, -0.00716543, -0.0212814, 
0.0475906, -0.0075001, -0.0587823, 
0.0603167, -0.0468764, -0.0501918, 
kernel for o9i9:
0.0262003, -0.0308891, -0.00312788, 
-0.00329274, 0.011349, 0.0162617, 
0.0452649, -0.0047179, 0.0377603, 
kernel for o9i10:
-0.00505615, 0.0381949, 0.119229, 
-0.0490477, 0.0811852, 0.160736, 
-0.0584499, 0.0774616, 0.183053, 
kernel for o9i11:
-0.0694408, 0.0695053, 0.10608, 
-0.105752, 0.0907468, 0.167101, 
-0.0572371, 0.0930751, 0.157847, 
kernel for o9i12:
0.0409136, 0.0548068, 0.0716312, 
-0.0131805, 0.0830262, 0.0799284, 
0.00165761, 0.0511837, 0.152219, 
kernel for o9i13:
0.0379307, -0.0339463, 0.0192984, 
0.0296326, -0.052171, -0.0465708, 
0.0559396, -0.0212855, -0.0280677, 
kernel for o9i14:
-0.00435174, -0.0460311, -0.0568438, 
-0.0202764, -0.0967389, -0.029311, 
-0.0646365, -0.0457583, -0.0671455, 
kernel for o9i15:
-0.00692625, 0.0629669, -0.0255067, 
-0.0138346, 0.062631, -0.0550015, 
-0.0062369, 0.0260195, -0.0490767, 
kernel for o10i0:
-0.0149512, -0.025566, -0.0187007, 
0.00416241, 0.00110953, -0.0212748, 
0.0240357, 0.0183649, 0.0206919, 
kernel for o10i1:
-0.0201295, -0.0305529, -0.0303715, 
0.00328702, 0.0123126, -0.00328716, 
0.0212792, -0.00325092, 0.00568337, 
kernel for o10i2:
-0.020516, -0.0467107, -0.0376443, 
-0.0428478, -0.0110542, -0.00944617, 
-0.00998142, -0.0129961, -0.0267791, 
kernel for o10i3:
0.0119789, -0.00560767, 0.0179502, 
0.038341, 0.0268336, 0.0449727, 
0.0463152, 0.00217502, -0.0011882, 
kernel for o10i4:
0.00182971, -0.0224651, -0.0150283, 
0.0355023, 0.0376948, 0.0123802, 
0.00989249, 0.00167139, -0.0163781, 
kernel for o10i5:
-0.0235578, -0.0171877, -0.0432149, 
-0.0673579, -0.0561631, -0.0409669, 
-0.0239326, -0.0614035, -0.030263, 
kernel for o10i6:
-0.0171861, -0.00466327, -0.0285005, 
0.0341218, 0.0285667, -0.00102982, 
0.0176864, 0.0207544, 0.00401095, 
kernel for o10i7:
0.0386048, -0.0103427, 0.0180447, 
0.0177168, 0.0118094, 0.00289276, 
0.0363221, 0.0155919, 0.00694434, 
kernel for o10i8:
-0.0328242, -0.0415606, 0.00324655, 
-0.00446048, 0.0111329, -0.0208662, 
0.0293033, -0.00753395, 0.00797992, 
kernel for o10i9:
0.00326535, -0.00840603, 0.00151984, 
-0.0256094, -0.0124008, 0.0239565, 
0.0048012, -0.011123, 0.00948434, 
kernel for o10i10:
-0.0469019, -0.0516965, -0.053709, 
-0.0530826, -0.0718808, -0.0394346, 
-0.0261245, -0.0444281, -0.0526599, 
kernel for o10i11:
-0.0514497, -0.0438473, -0.0169386, 
-0.0651713, -0.056875, -0.0355431, 
-0.0315753, -0.025288, -0.0261914, 
kernel for o10i12:
-0.0517659, -0.0610897, -0.0204835, 
-0.0528311, -0.0445364, -0.0253111, 
-0.0476032, -0.0298546, -0.0407404, 
kernel for o10i13:
0.0080309, -0.0231006, -0.0205091, 
0.00850311, -0.00945209, -0.0205418, 
0.0316957, 0.0176495, 0.00930599, 
kernel for o10i14:
-0.0696383, -0.0174649, -0.0578517, 
-0.029581, -0.0334136, -0.0331107, 
0.00626243, 0.0108905, -0.0217366, 
kernel for o10i15:
0.0140446, -0.0542033, -0.020054, 
0.0451926, 0.0159976, 0.0285095, 
0.0512359, 0.00901214, -0.00294231, 
kernel for o11i0:
-0.0584038, -0.0112013, -0.00158021, 
-0.0271886, 0.00986302, 0.0419309, 
-0.0468086, 0.0462509, 0.0382783, 
kernel for o11i1:
-0.0380262, -0.0360962, -0.0310042, 
-0.00550959, -0.0584981, -0.0328441, 
0.0324604, 0.0383246, -0.0150534, 
kernel for o11i2:
-0.0287266, -0.0292143, 0.00774986, 
-0.0356358, -0.0229452, -0.0252479, 
-0.00123208, -0.0408697, 0.0055259, 
kernel for o11i3:
-0.186633, -0.180967, -0.120876, 
-0.136941, 0.116484, -0.0645565, 
0.0217672, 0.241875, 0.205468, 
kernel for o11i4:
-0.0802511, -0.1386, -0.0508875, 
-0.0695156, 0.0030696, -0.109448, 
0.0151306, 0.0534024, 0.0444572, 
kernel for o11i5:
-0.0690799, -0.0364727, -0.0253626, 
-0.00590899, 0.00829953, -0.0106288, 
-0.0517993, -0.00154815, -0.00696131, 
kernel for o11i6:
-0.0757131, 0.0172246, -0.0611757, 
0.0561416, 0.187046, -0.00617356, 
0.113947, 0.265754, 0.230984, 
kernel for o11i7:
-0.0141166, -0.0636924, -0.0410379, 
-0.0322018, 0.0106054, 0.038399, 
0.014282, 0.028635, 0.0769815, 
kernel for o11i8:
-0.0540837, -0.0552992, -0.0305644, 
-0.0108844, 0.0124261, 0.0339506, 
0.0302831, -0.00524792, 0.033323, 
kernel for o11i9:
-0.0216663, -0.0570294, -0.00605061, 
-0.115964, -0.0300207, 0.0315295, 
-0.0469074, 0.03338, 0.0922044, 
kernel for o11i10:
-0.0993492, -0.0307241, -0.0204717, 
-0.131328, 0.00716448, -0.0391749, 
-0.110653, 0.00620437, -0.0180153, 
kernel for o11i11:
-0.0514936, -0.0243271, 0.010553, 
0.0278289, 0.0153903, 0.0647395, 
-0.00245139, -0.0288219, -0.0353822, 
kernel for o11i12:
-0.0385155, -0.0253338, -0.00557828, 
0.0223628, 0.0235576, -0.0415036, 
0.0509835, -0.0324592, 0.00839826, 
kernel for o11i13:
-0.0231222, -0.0525472, 0.0126812, 
-0.0485302, 0.00444909, -0.00680317, 
-0.0283903, 0.0151711, 0.0416234, 
kernel for o11i14:
-0.0644376, 0.0239983, -0.0369671, 
0.0731273, 0.0708513, 0.0228178, 
0.0303421, 0.117783, 0.115805, 
kernel for o11i15:
-0.0265788, -0.203224, -0.0233718, 
-0.213851, 0.00612155, 0.0867974, 
0.0337102, -0.0696437, 0.421265, 
kernel for o12i0:
0.013264, 0.0131584, 0.0105247, 
-0.00868705, -0.00235847, 0.0275109, 
-0.00653961, -0.00806623, -0.00347501, 
kernel for o12i1:
0.0354203, 0.0700383, 0.0380842, 
0.0478172, 0.0569994, 0.0330679, 
0.0103868, 0.0101731, 0.0496504, 
kernel for o12i2:
0.0235376, 0.0308761, 0.0665118, 
0.036993, 0.0714864, 0.0635302, 
0.0251257, 0.031988, 0.0686955, 
kernel for o12i3:
0.0039567, -0.0269108, -0.0182139, 
0.00535845, -0.00268275, -0.0137967, 
0.0300457, 0.00132746, -0.0164396, 
kernel for o12i4:
-0.00924371, -0.0236207, 0.019858, 
0.00638696, 0.00855006, -0.0166817, 
0.0386415, 0.014712, -0.0171856, 
kernel for o12i5:
0.00644773, -0.0243361, -0.0125326, 
-0.0212752, -0.0441228, -0.0319348, 
0.00173337, -0.00409986, -0.0361401, 
kernel for o12i6:
-0.0118086, -0.015575, -0.0256881, 
-0.0199549, -0.00658499, -0.0291808, 
-0.00236306, -0.00954908, -0.0223712, 
kernel for o12i7:
0.0283583, 0.0288695, 0.0187444, 
0.043433, 0.0380952, 0.05455, 
0.0279863, 0.0143623, 0.024345, 
kernel for o12i8:
0.0225772, 0.0513556, 0.0326748, 
0.0493538, 0.0583882, 0.0442078, 
0.0147756, 0.0120848, 0.0309948, 
kernel for o12i9:
0.0110971, 0.0261375, -0.0215794, 
0.0379772, 0.037141, 0.0158182, 
0.00422743, 0.0597801, 0.015232, 
kernel for o12i10:
0.0176641, -0.0286783, -0.0120471, 
0.011046, -0.0113835, -0.0280091, 
0.0112303, -0.023372, -0.0148792, 
kernel for o12i11:
0.0277654, -0.0294738, -0.0110401, 
-0.00704974, -0.0280937, -0.0208784, 
-0.00184309, -0.0210459, -0.0023808, 
kernel for o12i12:
0.0308484, 0.0204719, 0.0319583, 
0.0554728, 0.0246119, 0.0404603, 
0.0405899, 0.0250541, 0.0397383, 
kernel for o12i13:
0.0414677, 0.0646149, 0.0382248, 
0.054017, 0.0382584, 0.0440189, 
-0.00176235, 0.0270201, 0.0569504, 
kernel for o12i14:
0.0283685, 0.0177223, -0.0115838, 
0.0151104, 0.0072488, 0.00495438, 
0.00295338, 0.00619576, 0.00151922, 
kernel for o12i15:
-0.0280389, -0.0388018, -0.021539, 
0.00100235, -0.0300727, -0.0133473, 
-0.0197526, -0.0353617, -0.0103632, 
kernel for o13i0:
-0.0133023, -0.0269607, -0.0142064, 
-0.0584783, -0.0688931, -0.0787676, 
-0.0593501, -0.0946421, -0.0644744, 
kernel for o13i1:
0.0356476, 0.0424496, 0.0158492, 
-0.0356593, -0.0472689, -0.00469585, 
-0.011539, -0.0179631, 0.0057013, 
kernel for o13i2:
-0.0651175, -0.096168, -0.0484594, 
-0.075425, -0.0499698, -0.0577545, 
-0.0684914, -0.0695326, -0.0384642, 
kernel for o13i3:
-0.0120804, -0.0192274, -0.00329771, 
-0.0223825, -0.0117613, -0.00892576, 
-0.0157196, 0.00203268, -0.0145914, 
kernel for o13i4:
-0.0370919, -0.0126385, -0.0221485, 
-0.023312, -0.0349631, -0.0314508, 
0.0228412, 0.0220579, 0.0143364, 
kernel for o13i5:
0.0210554, 0.0320584, 0.0261171, 
0.0101736, 0.0451235, 0.0273437, 
0.00647601, 0.0149108, -0.00905824, 
kernel for o13i6:
0.000837657, -0.0173568, -0.0151225, 
-0.0228077, -0.0179323, -0.0252147, 
-0.018765, -0.0176121, -0.018315, 
kernel for o13i7:
-0.0248793, -0.0186287, -0.0212232, 
-0.0456579, -0.0210524, 0.00509575, 
-0.0252107, -0.0156362, -0.00624385, 
kernel for o13i8:
0.0161977, 0.0139778, 0.0183494, 
-0.0340988, -0.0375431, -0.0309566, 
0.0272678, -0.0155952, 0.00347449, 
kernel for o13i9:
0.0372772, 0.0163917, -0.00375468, 
-0.00251591, -0.0313478, -0.00506997, 
-0.0431664, -0.000586302, -0.0312357, 
kernel for o13i10:
-0.000160651, 0.00525429, 0.00797439, 
-0.0107193, 0.00756123, 0.0201968, 
-0.00617651, 0.00335466, -0.00395141, 
kernel for o13i11:
-0.00195778, 0.0256706, 0.0127354, 
0.00264274, 0.0229734, 0.0294847, 
0.00954696, 0.022714, 0.00158882, 
kernel for o13i12:
-0.0713227, -0.037559, -0.0217943, 
-0.074335, -0.0488183, -0.00561281, 
-0.0307765, -0.00773158, -0.0151482, 
kernel for o13i13:
0.0342231, 0.0228292, 0.0130906, 
-0.0296882, -0.0491128, -0.0270727, 
-0.0315727, 0.00313554, -0.00138372, 
kernel for o13i14:
-0.0399503, -0.0436197, -0.0251502, 
-0.0490257, -0.0427956, -0.0535165, 
-0.0391113, -0.0198928, -0.0387263, 
kernel for o13i15:
-0.0241968, -0.0109263, -0.024453, 
-0.0276802, -0.0209269, -0.0341564, 
-0.0399644, -0.0463794, -0.0403899, 
kernel for o14i0:
-0.00926584, 0.00835184, 0.0347621, 
-0.0113657, 0.0035767, 0.0112132, 
-0.012418, -0.00903215, 0.012175, 
kernel for o14i1:
0.0335023, 0.0254406, 0.00433765, 
0.0185787, 0.0379104, 0.00635875, 
0.0234239, 0.0647571, 0.0566503, 
kernel for o14i2:
0.0432799, 0.0438223, 0.0128648, 
0.0211305, 0.0370806, 0.0609962, 
0.0355618, 0.0288544, 0.0463533, 
kernel for o14i3:
0.00112782, 0.00229817, -0.00127903, 
0.00762845, 0.00409723, -0.0167994, 
0.0070667, -0.0109825, 0.0174068, 
kernel for o14i4:
-0.0256689, 0.0188938, 0.0119923, 
-0.0291267, 0.00652781, -0.00798146, 
0.0154348, 0.0286949, 0.0363849, 
kernel for o14i5:
0.032423, -0.0117206, 0.0158288, 
0.017271, 0.0188778, 0.0278799, 
0.0163869, 0.00031475, -0.00539694, 
kernel for o14i6:
0.0321784, 0.0377739, 0.0461658, 
0.00337252, 0.0648302, 0.0498452, 
0.027512, 0.060099, 0.0533087, 
kernel for o14i7:
-0.0209258, 0.0279268, -0.030076, 
-0.00528646, 0.00822933, -0.0451956, 
0.0139827, -0.00195545, 0.00152175, 
kernel for o14i8:
0.0503996, 0.0458783, 0.03813, 
0.0332307, 0.0604504, 0.047358, 
0.041173, 0.0775833, 0.0686646, 
kernel for o14i9:
0.020496, 0.0206044, 0.00876577, 
0.0247864, 0.0176813, 0.0040217, 
0.0474621, 0.0553446, 0.0456408, 
kernel for o14i10:
0.0293589, -0.01544, 0.00655541, 
0.0302476, 0.0224728, 0.0127812, 
0.00346903, 0.0307728, 0.0415072, 
kernel for o14i11:
0.0214023, 0.00921223, 0.0176987, 
0.0305642, 0.00882278, 0.039967, 
0.042572, 0.0208113, 0.00679044, 
kernel for o14i12:
0.0128882, 0.0312912, 0.0241485, 
0.0328631, 0.0205628, 0.0327754, 
0.0314189, 0.0302517, 0.0266731, 
kernel for o14i13:
0.011156, 0.0272272, 0.020604, 
-0.00295803, 0.0403577, 0.0122227, 
0.023138, 0.0587226, 0.0263635, 
kernel for o14i14:
0.0405197, 0.0480246, 0.00983434, 
0.0782261, 0.0587698, 0.0627569, 
0.0722451, 0.0447284, 0.0527287, 
kernel for o14i15:
0.0101744, 0.0277914, -0.017137, 
0.01933, -0.00342996, 0.0118402, 
0.0121984, 0.0270145, 0.0380629, 
kernel for o15i0:
-0.0874469, -0.0329031, -0.0698511, 
-0.107997, -0.103372, -0.0772027, 
-0.0925356, -0.0130204, -0.0219676, 
kernel for o15i1:
0.00272514, -0.0620546, -0.0424933, 
-0.0557187, -0.0591232, -0.103856, 
-0.101942, -0.0639534, -0.0629774, 
kernel for o15i2:
0.0154216, -0.00924101, -0.0865121, 
-0.0382055, 0.0177784, -0.0545558, 
-0.0825348, -0.0258531, 0.0109283, 
kernel for o15i3:
-0.238559, 0.161397, 0.0039608, 
-0.234739, -0.116846, -0.244582, 
0.120817, 0.271956, 0.111933, 
kernel for o15i4:
-0.07527, 0.12095, -0.0542689, 
-0.196288, -0.115404, -0.170871, 
-0.067028, 0.0770637, 0.0339153, 
kernel for o15i5:
-0.0904041, -0.0621323, -0.0351719, 
-0.0599365, -0.116143, -0.0433184, 
-0.0955329, -0.0877492, -0.0745033, 
kernel for o15i6:
-0.110154, 0.188959, 0.0639875, 
-0.032776, -0.0203253, -0.00266784, 
0.0782802, 0.110502, 0.0205003, 
kernel for o15i7:
-0.0202571, 0.058767, -0.00756464, 
-0.0334155, 0.0267861, 0.0174999, 
-0.0111982, 0.151637, 0.0474824, 
kernel for o15i8:
-0.0729225, -0.0118011, -0.0622837, 
-0.116851, -0.0618404, -0.0416657, 
-0.0968495, -0.0359675, -0.0229818, 
kernel for o15i9:
-0.0644741, 0.0497954, -0.0160903, 
-0.0568376, 0.0260327, 0.024495, 
-0.0224252, 0.112397, -0.0496564, 
kernel for o15i10:
-0.144511, -0.0174644, -0.0378776, 
-0.0791717, -0.118899, -0.0413931, 
-0.0756085, 0.012357, -0.0959658, 
kernel for o15i11:
-0.0550523, -0.0410516, -0.0468639, 
-0.0533883, -0.00510938, -0.0475522, 
-0.0741228, -0.062291, -0.0633519, 
kernel for o15i12:
-0.0134071, 0.0192267, -0.0570324, 
-0.0172209, 0.0161126, -0.0376985, 
-0.014345, -0.0224574, -0.0601196, 
kernel for o15i13:
-0.0372943, -0.0415444, -0.0488671, 
-0.0559753, -0.0466222, -0.0219856, 
-0.0484044, -0.014972, -0.0897111, 
kernel for o15i14:
-0.0102218, 0.0016724, -0.0103264, 
-0.0298374, -0.0295811, 0.0439477, 
-0.0317215, 0.0835454, 0.0287879, 
kernel for o15i15:
-0.106107, 0.199282, -0.104234, 
-0.0893018, -0.00915631, -0.0268061, 
-0.032096, 0.266811, 0.370511, 
kernel for o16i0:
0.0170315, 0.0151686, -0.0845775, 
0.017323, -0.0433182, -0.110361, 
-0.0844511, -0.0797798, -0.0481305, 
kernel for o16i1:
0.144957, 0.184468, -0.00705143, 
0.150858, 0.132385, -0.0344313, 
-0.0076317, 0.00204235, 0.0215133, 
kernel for o16i2:
-0.0040324, -0.0463023, -0.0278692, 
-0.0635838, -0.080269, -0.0770684, 
-0.0819366, -0.104923, -0.0219584, 
kernel for o16i3:
-0.00735169, -0.0407516, -0.0494892, 
-0.0265322, -0.0656998, -0.0183823, 
-0.00977218, -0.0645144, -0.0169475, 
kernel for o16i4:
0.0590569, 0.10613, 0.0611453, 
-0.0197713, 0.0726443, 0.0815021, 
0.0163298, 0.0241233, 0.0358869, 
kernel for o16i5:
-0.123978, -0.00333294, 0.123472, 
-0.136001, -0.074995, 0.119412, 
-0.0507529, -0.0405519, 0.0669615, 
kernel for o16i6:
-0.00526299, -0.0231852, -0.0415814, 
-0.0301896, -0.0583216, -0.0801179, 
-0.0565892, -0.104442, -0.0337556, 
kernel for o16i7:
-0.00533928, -0.0473687, 0.0047119, 
-0.0517614, -0.0726152, -0.0468751, 
-0.0680037, -0.0622551, -0.0553391, 
kernel for o16i8:
0.178082, 0.196222, -0.0334266, 
0.130982, 0.106601, -0.0363585, 
-0.00220731, 0.00584499, 0.0218314, 
kernel for o16i9:
0.0806645, 0.060395, -0.0636517, 
0.078314, 0.0884938, -0.00878684, 
-0.0577572, 0.00114303, -0.0133176, 
kernel for o16i10:
-0.0954551, -0.0568219, 0.0624805, 
-0.0801411, -0.0816552, 0.0515387, 
-0.0199217, -0.0290316, -0.00190594, 
kernel for o16i11:
-0.0926323, -0.0250343, 0.125721, 
-0.106741, -0.0964778, 0.125239, 
-0.0343115, -0.0549574, 0.0734464, 
kernel for o16i12:
-0.0112987, 0.0153434, 0.0724949, 
-0.0683016, -0.0468919, 0.0054592, 
-0.0918868, -0.0678008, 0.0241309, 
kernel for o16i13:
0.153179, 0.166828, 0.00946393, 
0.147107, 0.0919159, -0.0218791, 
0.0118987, -0.0106131, 0.0268693, 
kernel for o16i14:
0.0766935, 0.0607648, -0.0438978, 
0.0653458, 0.0136573, -0.0139351, 
-0.0602382, -0.0226691, -0.0269762, 
kernel for o16i15:
-0.0445375, -0.0420696, -0.0436835, 
-0.0767496, -0.0329404, -0.0341458, 
-0.101094, -0.00293596, 0.0055841, 
kernel for o17i0:
-0.0382243, -0.0808686, -0.0297499, 
-0.0558594, -0.014377, -0.0250283, 
-0.0493381, -0.0556867, -0.0551144, 
kernel for o17i1:
0.0245407, 0.0148569, 0.0228347, 
0.0308907, -0.00838707, -0.0239789, 
0.0762843, 0.0770982, 0.0707396, 
kernel for o17i2:
-0.113783, -0.17373, -0.141327, 
-0.113787, -0.15947, -0.114656, 
-0.142909, -0.154883, -0.101291, 
kernel for o17i3:
-0.0249552, -0.00257697, -0.00163841, 
-0.025481, -0.000389433, 0.0192073, 
-0.0210721, -0.0256721, -0.013175, 
kernel for o17i4:
0.0255486, -0.0085308, -0.00196172, 
0.043045, 0.00649336, -0.00193306, 
0.0493309, 0.0922872, 0.039726, 
kernel for o17i5:
0.0219139, 0.0178096, 0.0605651, 
0.033622, 0.0634247, 0.043363, 
0.0201119, 0.0286594, 0.0227116, 
kernel for o17i6:
-0.00938279, -0.0219787, 0.0137586, 
-0.0293071, -0.0455214, -0.00838845, 
-0.0079119, 0.00161787, 0.00622436, 
kernel for o17i7:
-0.0574659, -0.0846716, -0.0256311, 
-0.0491554, -0.0685588, -0.0601883, 
-0.0353829, -0.068826, -0.0366482, 
kernel for o17i8:
-0.0104553, 0.0203669, 0.00448573, 
0.0743224, 0.0144235, 0.0272754, 
0.122627, 0.0791726, 0.101053, 
kernel for o17i9:
-0.00799068, -0.0204509, -0.000848695, 
-0.0463628, -0.0163106, -0.00916538, 
0.0447529, 0.00604066, 0.02276, 
kernel for o17i10:
0.0169775, -0.000190825, -0.0150997, 
-0.0247738, 0.0268735, -0.020696, 
-0.0314888, -0.0215882, -0.0311169, 
kernel for o17i11:
-0.0347877, -0.0410591, -0.000555451, 
-0.0589843, 0.00059985, 0.0226523, 
-0.0330174, -0.0523016, -0.000466138, 
kernel for o17i12:
-0.0812367, -0.101575, -0.0575833, 
-0.0879755, -0.0470946, -0.0792841, 
-0.035597, -0.0557513, -0.0616637, 
kernel for o17i13:
-0.0259945, 0.00672688, 0.0204986, 
0.00613522, -0.0473835, -0.0306102, 
0.0377146, 0.0456152, 0.0620434, 
kernel for o17i14:
-0.0230361, -0.0409689, -0.0381435, 
-0.0324443, -0.0591475, -0.0483737, 
0.0143004, -0.033003, -0.00370633, 
kernel for o17i15:
-0.0543602, -0.0385857, -0.0357015, 
-0.0470787, -0.0326228, -0.0369807, 
-0.00996735, -0.0389849, -0.0301399, 
kernel for o18i0:
0.0268728, -0.0336342, 0.00557999, 
-0.0213144, -0.0051966, -0.027594, 
-0.00399482, -0.0269162, -0.0586604, 
kernel for o18i1:
-0.0364417, -0.0849843, 0.00176885, 
-0.00390494, -0.0161395, -0.0647426, 
-0.0372423, -0.0480531, -0.128747, 
kernel for o18i2:
-0.0489394, 0.00140151, -0.0193564, 
0.00204645, -0.0107565, 0.0238494, 
-0.0417091, -0.059357, -0.0831399, 
kernel for o18i3:
0.0361325, 0.0171231, 0.0571571, 
0.10699, -0.126143, -0.126694, 
0.0219602, 0.0859285, 0.0648445, 
kernel for o18i4:
0.0274287, 0.0250012, 0.084231, 
-0.00552568, -0.0704707, -0.0740004, 
0.00552347, -0.0414679, 0.00903168, 
kernel for o18i5:
-0.0544005, -0.0623717, -0.0580665, 
-0.0610037, -0.0577, -0.0542793, 
-0.107457, -0.104, -0.0524967, 
kernel for o18i6:
0.101269, 0.110866, 0.13416, 
0.115516, -0.0574039, 0.0279874, 
-0.0174094, 0.107463, 0.271052, 
kernel for o18i7:
-0.0355424, -0.0327499, -0.030315, 
0.00757867, -0.0993232, -0.0534562, 
-0.0233365, -0.0287583, -0.0891418, 
kernel for o18i8:
-0.035349, -0.00384859, -0.0176046, 
-0.025158, -0.0452935, -0.0964153, 
-0.0738957, -0.0706153, -0.0485151, 
kernel for o18i9:
-0.0465107, -0.105172, -0.0952772, 
-0.0375886, -0.114027, -0.103445, 
-0.089201, -0.0638296, -0.129612, 
kernel for o18i10:
-0.0319314, -0.0142637, -0.0204804, 
-0.0602641, -0.0645273, -0.0584176, 
-0.080641, -0.0434521, -0.0490921, 
kernel for o18i11:
-0.0713032, -0.0442686, -0.0320842, 
-0.107514, -0.0854497, -0.0601295, 
-0.0338212, -0.0996974, -0.0628336, 
kernel for o18i12:
-0.00507687, -0.055683, -0.0251712, 
-0.0144705, -0.028426, 0.00466279, 
-0.0780025, -0.0359083, -0.0601078, 
kernel for o18i13:
0.00615153, 0.00205595, -0.0221108, 
-0.0527834, -0.00462747, -0.0227928, 
-0.083038, -0.0723572, -0.0909819, 
kernel for o18i14:
-0.0254696, -0.00655916, -0.013659, 
-0.010232, -0.0735701, 0.00892714, 
-0.0930308, -0.0753362, -0.0278601, 
kernel for o18i15:
0.00825455, 0.00607953, 0.0145295, 
0.227006, 0.00385539, 0.0793043, 
0.0729246, -0.0177919, 0.0086881, 
kernel for o19i0:
0.00500825, 0.0205773, -0.0356184, 
0.0059689, -0.0086558, -0.0134162, 
-0.00199953, 0.00968128, 0.0121021, 
kernel for o19i1:
0.0924471, 0.116727, -0.00499003, 
0.100716, 0.11336, 0.0152832, 
0.00550099, 0.102262, 0.0589324, 
kernel for o19i2:
0.0259601, 0.0549062, 0.0311223, 
0.0372396, 0.0493533, 0.0639713, 
0.0431075, 0.0509022, 0.0671781, 
kernel for o19i3:
0.00334108, -0.0229205, -0.0294533, 
0.0346424, 0.000720268, -0.0239953, 
0.0227549, -0.021226, -0.0195006, 
kernel for o19i4:
0.031125, 0.142323, 0.122947, 
0.0126242, 0.0624628, 0.0790221, 
0.030481, 0.0248054, 0.058151, 
kernel for o19i5:
-0.0101239, -0.0269057, 0.0876667, 
0.00995439, -0.0170445, 0.0595019, 
0.0659939, -0.0182755, -0.0133286, 
kernel for o19i6:
-0.00182858, -0.0444243, -0.0669658, 
-0.0262063, -0.0210802, -0.0459872, 
-0.00897781, -0.0313213, -0.0269539, 
kernel for o19i7:
-0.00175196, 0.0177747, 0.0201939, 
0.0063113, 0.0125191, 0.0127698, 
0.00528764, -0.000360017, 0.0240939, 
kernel for o19i8:
0.090519, 0.154577, 0.0175351, 
0.0708616, 0.149119, 0.0519216, 
-0.0314972, 0.0600855, 0.0472484, 
kernel for o19i9:
0.000720996, 0.0346864, 0.0213756, 
0.0667841, 0.082736, 0.0539711, 
0.0477001, 0.118257, 0.0556384, 
kernel for o19i10:
-0.00322656, -0.0556571, 0.064032, 
0.0263735, -0.00371269, 0.0340123, 
0.0539867, 0.018127, 0.00130476, 
kernel for o19i11:
-0.0263568, -0.0268383, 0.0568769, 
0.0135926, -0.0244392, -0.00719017, 
0.0269531, -0.0269171, -0.0144542, 
kernel for o19i12:
-0.0235505, 0.0137905, 0.0830805, 
-0.0128532, -0.0133459, 0.0143784, 
0.0118314, -0.00578022, 0.00413098, 
kernel for o19i13:
0.116596, 0.112995, -0.0109722, 
0.079031, 0.140052, 0.0454485, 
0.00695755, 0.0924257, 0.0718775, 
kernel for o19i14:
0.031602, 0.0139663, -0.0440752, 
0.029268, 0.0107871, -0.0385017, 
-0.0401117, -0.00720991, -0.00143314, 
kernel for o19i15:
-0.0340457, -0.00692023, -0.0109687, 
-0.0163209, -0.0161893, 0.00213285, 
-0.0310633, -0.0417827, -0.013872, 
kernel for o20i0:
-0.0899503, -0.0718696, -0.0362364, 
0.0170542, 0.0450224, -0.035524, 
-0.0908297, -0.0492325, -0.0739717, 
kernel for o20i1:
-0.0533324, -0.0806857, 0.0652915, 
0.0242191, 0.0836508, 0.143856, 
-0.0562827, 0.113645, 0.125763, 
kernel for o20i2:
-0.097243, -0.0451763, -0.0536358, 
-0.0660614, -0.0975602, -0.0781167, 
-0.111574, -0.14297, -0.0808761, 
kernel for o20i3:
0.0248548, 0.0463921, 0.0562185, 
0.00573763, 0.0209269, -0.013691, 
0.0180626, 0.0414277, -0.0438273, 
kernel for o20i4:
-0.00586045, 0.0262423, 0.0169035, 
-0.0115583, 0.044553, 0.0432593, 
0.0125475, 0.0213719, 0.0742163, 
kernel for o20i5:
0.136557, 0.133368, -0.00363331, 
0.117823, -0.0938817, -0.10132, 
0.0337491, -0.115218, -0.11705, 
kernel for o20i6:
-0.0916994, -0.048793, -0.026899, 
-0.0924721, -0.0208868, -0.00450829, 
-0.0579192, -0.00867426, -0.0387819, 
kernel for o20i7:
-0.0621177, -0.0986344, -0.041664, 
-0.0264086, -0.0942258, -0.0749776, 
-0.0453188, -0.0887978, -0.154774, 
kernel for o20i8:
-0.130404, -0.0577461, 0.0760479, 
0.0135318, 0.118896, 0.128159, 
-0.0370188, 0.0858556, 0.0738221, 
kernel for o20i9:
-0.0468559, -0.0664114, 0.0436429, 
-0.0253117, 0.0273851, 0.0669425, 
-0.0225658, 0.0584642, 0.0352072, 
kernel for o20i10:
0.0698211, 0.0253189, -0.0398858, 
0.0358762, -0.0679881, -0.138036, 
0.058741, -0.106003, -0.0851201, 
kernel for o20i11:
0.0587274, 0.0433929, -0.0608062, 
0.0291692, -0.0884461, -0.111852, 
-0.0202141, -0.16282, -0.132901, 
kernel for o20i12:
-0.008207, -0.0176959, -0.0377322, 
-0.00975305, -0.0733605, -0.00819569, 
-0.0362862, -0.0736702, -0.0435917, 
kernel for o20i13:
-0.110623, -0.0803806, 0.0602531, 
-0.0273998, 0.0817194, 0.126187, 
-0.0375072, 0.097622, 0.0949229, 
kernel for o20i14:
-0.104478, -0.0783022, -0.00373041, 
0.00337644, 0.0212988, 0.0579298, 
-0.054777, 0.019309, 0.0223816, 
kernel for o20i15:
-0.0607163, -0.0978332, -0.0670878, 
-0.0585188, -0.077658, -0.0594478, 
-0.0484189, -0.0628037, -0.0346316, 
kernel for o21i0:
0.0841187, 0.0789311, 0.0684314, 
0.0814613, 0.0822839, 0.109156, 
0.0865081, 0.0652309, 0.109471, 
kernel for o21i1:
0.0334468, 0.0430144, 0.0275987, 
-0.00015033, 0.014491, 0.0243713, 
-0.00317597, -0.00368, 0.00416807, 
kernel for o21i2:
0.0101354, -0.0183944, 0.00886605, 
-0.0120733, -0.0138081, -0.0319254, 
-0.0490037, -0.04904, -0.0925628, 
kernel for o21i3:
-0.00278423, 0.00607387, 0.0432125, 
0.0246087, 0.0404903, 0.00129805, 
0.017105, 0.0237954, -0.00323989, 
kernel for o21i4:
0.00755119, -0.0211809, 0.0200284, 
0.0466435, 0.0187479, 0.00251618, 
-0.02198, -0.0180821, 0.00156965, 
kernel for o21i5:
-0.00755671, 0.0361456, -0.0152599, 
0.0133951, 0.0141626, -0.00539192, 
0.0293086, 0.0144268, -0.0294213, 
kernel for o21i6:
0.0479611, 0.0242913, 0.00501193, 
-0.00165976, 0.0664005, 0.0203406, 
0.0565524, 0.0291644, 0.0696652, 
kernel for o21i7:
0.0146526, 0.00426012, 0.0363869, 
0.0202837, -0.00671118, 0.0284609, 
0.0057569, 0.0228453, 0.000505152, 
kernel for o21i8:
0.0680598, 0.0551705, 0.0472118, 
0.0109409, -0.0239739, 0.015076, 
-0.0558517, -0.00165891, 0.00251375, 
kernel for o21i9:
-0.0214663, 0.025846, -0.0149161, 
0.00949135, 0.043085, 0.0673884, 
-0.0292074, 0.0406729, 0.0158499, 
kernel for o21i10:
0.00735259, 0.0341898, 0.00281308, 
0.0169824, 0.0611012, 0.0560077, 
0.00865417, -0.00614215, 0.00503535, 
kernel for o21i11:
-0.0151313, 0.00755883, -0.00723876, 
-0.0235674, -0.0140376, -0.019675, 
0.00311542, 0.0172493, -0.0536613, 
kernel for o21i12:
-0.0603779, -0.0581982, -0.0371215, 
-0.0559848, -0.0785822, -0.0689093, 
-0.0694313, -0.0537556, -0.0598354, 
kernel for o21i13:
0.0415388, 0.0191292, 0.0201962, 
0.0104171, 0.0178019, 0.00921311, 
-0.0177177, -0.0119926, -0.00791608, 
kernel for o21i14:
0.0563806, 0.09466, 0.0234515, 
0.0361384, 0.0597818, 0.109305, 
0.0346841, 0.0377053, 0.0189898, 
kernel for o21i15:
-0.0459815, -0.0327523, 0.0445662, 
0.00598355, -0.0326929, 0.01618, 
-0.00249628, -0.0415696, 0.0387884, 
kernel for o22i0:
0.036331, 0.0351415, 0.0233346, 
0.0262015, 0.0590554, 0.0300979, 
0.0276185, 0.0715367, 0.0695747, 
kernel for o22i1:
0.0752129, 0.0104473, -0.0725366, 
0.0321488, 0.0378321, -0.0383855, 
0.0494534, 0.0598418, 0.0418622, 
kernel for o22i2:
-0.0332065, -0.0283686, -0.0328203, 
-0.0229976, -0.0388095, -0.0194039, 
-0.0111916, 0.0117672, -0.0346809, 
kernel for o22i3:
-0.00920186, 0.0599539, 0.0833731, 
-0.0236415, 0.00138856, -0.065883, 
0.0424719, -0.0236693, 0.0299833, 
kernel for o22i4:
0.0281612, 0.0637833, 0.0686273, 
0.0019739, -0.00135787, 0.0238928, 
-0.00557334, 0.0531094, 0.0695555, 
kernel for o22i5:
-0.0813633, -0.00290616, 0.114165, 
-0.0730379, -0.00722689, 0.0861417, 
-0.0687227, -0.0677774, 0.00768821, 
kernel for o22i6:
0.116035, 0.0863969, 0.104702, 
0.00420195, 0.0377138, 0.0326083, 
0.0770707, 0.0379123, 0.0680557, 
kernel for o22i7:
0.000402872, 0.0211469, -0.016102, 
0.0220442, -0.0188693, -0.0321352, 
0.0216318, -0.00748094, -0.0165917, 
kernel for o22i8:
0.0703503, 0.00179388, -0.0530504, 
0.0152385, -0.00396475, 0.00190867, 
0.0073274, 0.0378976, 0.0405299, 
kernel for o22i9:
-0.0203054, 0.00265638, -0.00180457, 
0.0047809, 0.0135475, -0.0333705, 
0.0316341, 0.0294287, -0.0291536, 
kernel for o22i10:
-0.0042832, 0.014608, 0.0238082, 
-0.0205761, -0.0728472, 0.0671269, 
-0.00111834, -0.0571686, 0.0498013, 
kernel for o22i11:
-0.0842804, -0.0199808, 0.064466, 
-0.0882313, -0.0502721, 0.0488969, 
-0.0552083, -0.0935794, -7.57451e-05, 
kernel for o22i12:
0.0041904, -0.0322795, 0.0455999, 
-0.000576688, -0.0178379, 0.0345224, 
-0.0306075, -0.0484089, -0.0118345, 
kernel for o22i13:
0.0374868, 0.00948297, -0.0572904, 
0.0273697, 0.0349322, 0.0141528, 
0.0622339, 0.0369072, 0.00591549, 
kernel for o22i14:
0.0374292, 0.026298, 0.00875394, 
0.0844058, 0.056781, 0.0131291, 
0.0765657, 0.0429282, 0.0522787, 
kernel for o22i15:
0.017115, 0.0196941, 0.0120925, 
-0.0170258, -0.0018721, 0.00503307, 
-0.0200167, 0.0100719, 0.000391535, 
kernel for o23i0:
-0.0460433, 0.0132413, 0.0148897, 
0.0191317, 0.0158563, 0.0137431, 
-0.0248652, 0.0195988, 0.0439967, 
kernel for o23i1:
0.0177791, 0.00147821, 0.0341301, 
0.0321076, -0.0199313, 0.0292215, 
0.007123, 0.00321916, 0.00302492, 
kernel for o23i2:
-0.0448689, -0.0232321, -0.0259684, 
0.0100457, -0.0166007, -0.0206829, 
0.0100993, 0.0165102, -0.0118509, 
kernel for o23i3:
-0.0607707, -0.11146, 0.00316354, 
-0.00780243, 0.0529322, 0.0841564, 
0.0252472, 0.0232281, 0.0879547, 
kernel for o23i4:
-0.0422284, -0.0851838, -0.0128866, 
-0.052285, -0.0170571, 0.00920577, 
0.0124245, -0.0558794, -0.00710397, 
kernel for o23i5:
-0.0660402, -0.0645024, -0.0537495, 
-0.045863, -0.0322865, -0.0450237, 
-0.00430059, 0.00806537, -0.00325339, 
kernel for o23i6:
-0.0220957, -0.0738549, 0.0345885, 
-0.00070613, 0.0782571, 0.125489, 
0.0214127, 0.0582571, 0.0480645, 
kernel for o23i7:
-0.014857, -0.0582046, -0.0184157, 
0.0498603, -0.0219986, 0.0172976, 
0.0373387, 0.0121365, 0.0450711, 
kernel for o23i8:
0.0142795, -0.0415303, 0.0212285, 
0.0165043, 0.0213511, 0.032414, 
0.0347147, -0.00526949, 0.055284, 
kernel for o23i9:
-0.0347163, -0.0617445, -0.00608666, 
0.00883505, 9.82949e-05, 0.0312786, 
-0.0118885, 0.025943, 0.0723666, 
kernel for o23i10:
-0.0695896, -0.0541723, -0.0196006, 
-0.0517358, 0.0249544, -0.0251217, 
-0.000681223, 0.0339989, 0.0203623, 
kernel for o23i11:
-0.0616061, -0.0591505, -0.0422791, 
-0.0207316, -0.0406695, -0.0477363, 
0.0253033, -0.0189515, -0.055181, 
kernel for o23i12:
0.0121543, -0.0322174, 0.0107939, 
0.00698589, 0.022751, -0.035925, 
0.0218747, 0.0315164, 0.00675414, 
kernel for o23i13:
0.0181667, -0.00775755, 0.00755804, 
-0.00353584, -0.0125465, -0.00838253, 
0.0371424, 0.0339229, 0.0594978, 
kernel for o23i14:
0.0126677, -0.00649139, 0.0558986, 
0.00726699, 0.0662553, 0.00726719, 
0.0474789, 0.0603761, 0.0255639, 
kernel for o23i15:
-0.0592383, -0.0664383, 0.0676547, 
-0.0250791, -0.052231, 0.0451637, 
0.0829411, -0.0886038, 0.212329, 
kernel for o24i0:
0.0344704, 0.0069787, 0.0105577, 
0.0187165, 0.0300033, 0.0346311, 
0.0334761, 0.0570397, 0.0487491, 
kernel for o24i1:
-0.00844135, -0.00747847, -0.0443507, 
-0.0387514, -0.0485271, -0.0525278, 
-0.0427516, -0.0500507, -0.0422571, 
kernel for o24i2:
0.0125025, -0.0131281, 0.00890766, 
0.0142772, 0.0287842, -0.0129719, 
0.0239498, 0.0194663, 0.0364104, 
kernel for o24i3:
0.0223105, 0.0818125, 0.0248994, 
0.0353571, 0.0567472, -0.0132507, 
0.0340644, 0.00512171, -0.046586, 
kernel for o24i4:
0.0331447, 0.0640517, 0.0283598, 
0.067521, 0.0795792, -0.013315, 
0.0572349, 0.0551622, 0.010048, 
kernel for o24i5:
-0.0668182, -0.0292326, 0.00111289, 
-0.0246751, 0.00434994, -0.00269434, 
-0.0157635, -0.0237295, 0.00946377, 
kernel for o24i6:
0.0165144, 0.0545624, 0.0439395, 
0.0766171, 0.0387678, 0.0618317, 
0.0761723, 0.0377466, 0.0266179, 
kernel for o24i7:
0.0405351, 0.0667612, -0.0163534, 
0.0587704, 0.011137, -0.0174647, 
0.0408237, 0.0310872, 0.0307028, 
kernel for o24i8:
0.00490534, -0.0503505, -0.0226493, 
-0.0381808, -0.0327366, -0.0644541, 
-0.0430104, -0.0507492, -0.0609891, 
kernel for o24i9:
-0.0386609, 0.0166624, -0.0289016, 
0.00816012, -0.0260834, -0.0504604, 
0.0324401, 0.0530702, -0.0248848, 
kernel for o24i10:
-0.0890583, 0.0291289, -0.0204458, 
-0.0495436, 0.0303196, -0.00956515, 
-0.026818, 0.00191535, 0.00131309, 
kernel for o24i11:
-0.0122168, 4.45064e-06, 0.00840157, 
-0.0426631, 0.0160816, 0.0277445, 
-0.0357347, -0.0220776, 0.0015283, 
kernel for o24i12:
-0.00549911, -0.00974898, -0.00571709, 
-0.0423212, 0.00909668, -0.0579569, 
0.0002618, 0.00843528, -0.0230722, 
kernel for o24i13:
-0.0217919, -0.0252644, -0.0388216, 
-0.0607284, -0.0430622, -0.0495069, 
-0.0438117, -0.0510522, -0.0615754, 
kernel for o24i14:
0.0239321, -0.0104822, 0.0063795, 
0.0187735, -0.0103731, -0.000399502, 
0.0323476, -0.00545841, -0.0119889, 
kernel for o24i15:
0.076729, 0.116889, -0.000219631, 
0.136381, 0.141151, -0.0465345, 
0.000997792, 0.0230175, -0.0178385, 
kernel for o25i0:
0.0265561, 0.0111089, 0.0273278, 
-0.0625812, -0.038441, -0.0542631, 
-0.100869, -0.155327, -0.150002, 
kernel for o25i1:
0.128666, 0.145091, 0.14359, 
0.0593432, 0.0485988, 0.0638904, 
-0.0860951, -0.0719649, -0.0937146, 
kernel for o25i2:
0.0352985, 0.0176445, 0.0710571, 
-0.149557, -0.155855, -0.10465, 
-0.201827, -0.22495, -0.182756, 
kernel for o25i3:
0.0830738, 0.0886614, 0.00264324, 
-0.0207419, -0.0582096, -0.0823613, 
-0.0411953, -0.11383, -0.0916837, 
kernel for o25i4:
0.0148199, 0.0419308, 0.0201088, 
-0.0381252, -0.00947115, -0.0132855, 
-0.0217115, 0.0152627, -0.0442351, 
kernel for o25i5:
-0.0134715, -0.0729399, -0.00272549, 
-0.023496, -0.0813821, -0.00750151, 
-0.0156692, -0.000910361, 0.0714309, 
kernel for o25i6:
0.0688685, 0.0708002, 0.104115, 
-0.0398109, -0.0822561, -0.0137551, 
-0.0391808, -0.139248, -0.116327, 
kernel for o25i7:
0.0631682, 0.0847261, 0.062963, 
-0.0234378, -0.0233617, -0.0414353, 
-0.0660556, -0.160934, -0.123915, 
kernel for o25i8:
0.0813867, 0.171935, 0.149133, 
0.0375585, 0.0205887, 0.00468966, 
-0.0804241, -0.0719153, -0.113808, 
kernel for o25i9:
0.0441226, 0.100487, 0.0924094, 
0.0319938, 0.0421379, 0.0234764, 
-0.0464136, -0.0737272, -0.103119, 
kernel for o25i10:
0.0254466, -0.103637, -0.091574, 
-0.00363329, -0.0852358, -0.0474521, 
0.0116496, -0.0372445, 0.0165896, 
kernel for o25i11:
-0.0119967, -0.0617648, -0.0612313, 
-0.0635144, -0.136729, -0.0128324, 
-0.0598157, -0.0821253, 0.00263638, 
kernel for o25i12:
0.0397397, 0.0626262, 0.101655, 
-0.0246647, -0.102861, -0.0456761, 
-0.121353, -0.124696, -0.049655, 
kernel for o25i13:
0.0952264, 0.127777, 0.159791, 
0.0299767, 0.0355491, 0.0447043, 
-0.0546195, -0.0589274, -0.0973804, 
kernel for o25i14:
0.022808, 0.037167, 0.07373, 
-0.0244284, -0.0639237, -0.0527485, 
-0.105543, -0.171156, -0.134443, 
kernel for o25i15:
0.0752102, 0.0753855, -0.00250077, 
-0.000115967, 0.0299499, -0.0091555, 
-0.00613232, 0.0440491, -0.0321919, 
kernel for o26i0:
-0.0424937, 0.0012675, -0.0197354, 
-0.0494829, -0.0757612, -0.0855437, 
-0.00693134, 0.00907304, 0.0241564, 
kernel for o26i1:
-0.0145675, -0.0570156, -0.0628138, 
-0.00776358, -0.0113447, -0.044367, 
-0.0613775, -0.070324, -0.0795659, 
kernel for o26i2:
-0.0601079, -0.0879673, -0.0596474, 
0.0358614, -0.0420591, -0.0250631, 
-0.0306735, -0.0784788, -0.12598, 
kernel for o26i3:
-0.00456859, -0.0929031, 0.0978854, 
-0.376389, -0.270079, -0.2218, 
0.130106, 0.214553, 0.407806, 
kernel for o26i4:
0.0129346, -0.0556291, 0.0671039, 
-0.159644, -0.188836, -0.105273, 
0.124127, 0.0638157, 0.270174, 
kernel for o26i5:
-0.0849649, 0.000943426, 0.00823507, 
-0.0225398, 0.0393301, 0.0512536, 
0.0060676, -0.0417678, 0.0094637, 
kernel for o26i6:
0.0744581, 0.0328415, 0.217926, 
-0.18164, -0.0641777, 0.00795817, 
0.141388, 0.0695981, 0.477952, 
kernel for o26i7:
0.00715822, -0.0085551, -0.0955058, 
0.0482693, 0.0501088, -0.0604063, 
0.0989825, 0.0487798, -0.0230524, 
kernel for o26i8:
-0.0148654, -0.0267085, -0.0922516, 
0.00565162, -0.0673665, -0.0511301, 
0.00991667, -0.0177208, -0.0549581, 
kernel for o26i9:
-0.0412999, -0.0779092, -0.0912327, 
-0.0340647, -0.0507118, -0.0634346, 
0.0328462, -0.0599634, -0.027716, 
kernel for o26i10:
-0.0189888, -0.0447755, 0.0808855, 
0.0366788, -0.0370108, 0.0857835, 
-0.0040183, 0.0278069, 0.0228524, 
kernel for o26i11:
-0.0455515, 0.00274021, -0.0057409, 
0.0512968, -0.016405, -0.0120844, 
-0.00110027, 0.0158405, 0.0120356, 
kernel for o26i12:
0.0212603, -0.0434449, 0.0473824, 
0.0526096, -0.00339815, 0.0516047, 
0.0336807, -0.0247387, -0.0301732, 
kernel for o26i13:
-0.043956, -0.00871744, -0.0522233, 
-0.0206194, 0.0223989, -0.099512, 
-0.0296514, -0.0296523, -0.0796894, 
kernel for o26i14:
-0.0398234, -0.0153397, 0.0679384, 
-0.0217825, 0.0717502, 0.114657, 
0.0601546, 0.0438919, 0.160954, 
kernel for o26i15:
-0.067844, -0.16287, -0.132612, 
-0.0639256, -0.114775, -0.293713, 
0.409043, 0.0130771, 0.0783801, 
kernel for o27i0:
0.0604467, 0.0454153, 0.0625451, 
0.0323113, 0.0778063, 0.0801971, 
0.082901, 0.0902076, 0.0808791, 
kernel for o27i1:
-0.00421306, -0.00339501, 0.0179984, 
-0.00872346, -0.0132421, 0.0183268, 
0.0496777, 0.0165194, 0.0372168, 
kernel for o27i2:
0.00356786, 0.00485667, 0.00952252, 
0.0176683, 0.0365677, -0.0117301, 
0.060714, 0.0588282, 0.0490533, 
kernel for o27i3:
0.0684435, 0.0422957, 0.0403045, 
0.0452446, 0.0013119, -0.0232086, 
-0.0109154, -0.014668, 0.0947163, 
kernel for o27i4:
0.0885592, -0.00137546, -0.0275553, 
0.100698, 0.0481349, -0.00490367, 
0.152623, 0.0706019, 0.0487389, 
kernel for o27i5:
0.0226834, 0.0551386, 0.00299968, 
0.0342709, 0.0489748, 0.0667402, 
0.0268863, 0.0495335, 0.0772261, 
kernel for o27i6:
0.109115, 0.109325, 0.0541533, 
0.0807406, 0.0585772, 0.0275558, 
0.0763159, 0.0546251, 0.0940632, 
kernel for o27i7:
-0.0331582, 0.0233291, -0.0685304, 
-0.00084234, 0.0346445, 0.0364753, 
0.0267059, -0.00585324, 0.00473505, 
kernel for o27i8:
0.00150725, -0.0172068, 0.0311086, 
0.0232463, 0.0107673, 0.0300268, 
0.0713989, 0.0393563, 0.0792646, 
kernel for o27i9:
0.0462486, 0.0866331, 0.0256194, 
0.0674108, 0.0367906, 0.0284583, 
0.05213, 0.0567167, 0.0856627, 
kernel for o27i10:
0.0461451, 0.0685118, 0.0135044, 
0.116067, 0.065306, 0.0609395, 
0.0874375, 0.0453146, 0.101241, 
kernel for o27i11:
0.0355658, 0.0120319, -0.0100853, 
0.0843726, 0.0301054, 0.064015, 
0.0231034, 0.0708601, 0.037465, 
kernel for o27i12:
-0.00447548, 0.00699822, -0.02524, 
0.0378438, 0.00825848, -0.0347893, 
0.0121816, 0.027916, -0.0180448, 
kernel for o27i13:
0.00644164, 0.0174355, -0.00116155, 
0.036978, -0.00247248, -0.0057997, 
0.0248525, 0.0312284, 0.0782115, 
kernel for o27i14:
0.0654668, 0.0535044, 0.0252501, 
0.039253, 0.0700002, 0.0831421, 
0.120354, 0.0307938, 0.0881348, 
kernel for o27i15:
-0.00430404, 0.00330864, -0.0364133, 
0.0141748, -0.0407846, -0.0536618, 
0.0252969, 0.00953545, -0.0480856, 
kernel for o28i0:
-0.0192375, -0.0250079, -0.0142905, 
-0.0106596, -0.0142073, -0.0101287, 
-0.072222, -0.0465808, -0.0215282, 
kernel for o28i1:
-0.0711731, -0.0575799, -0.0367986, 
-0.0329545, -0.0133948, -0.0209587, 
-0.0229732, -0.0567336, -0.0122933, 
kernel for o28i2:
-0.017688, -0.0635879, -0.0211627, 
-0.0548438, 0.000971849, -0.0620264, 
-0.114366, -0.114542, -0.101357, 
kernel for o28i3:
-0.0435666, 0.0823007, 0.10421, 
0.0661614, 0.0878217, 0.0467136, 
0.0144272, 0.0667964, 0.0390517, 
kernel for o28i4:
-0.0258214, 0.0203638, 0.0580324, 
0.0146788, 0.0169507, 0.00894482, 
-0.0651331, -0.0136197, 0.021867, 
kernel for o28i5:
-0.0409347, -0.0412819, -0.0536378, 
-0.0667641, -0.0709968, -0.0525294, 
-0.0739647, -0.0722007, -0.032762, 
kernel for o28i6:
-0.0187487, 0.0409317, 0.103513, 
0.100275, 0.0491277, 0.129198, 
0.0378581, 0.0615641, 0.0149945, 
kernel for o28i7:
-0.0498798, -0.036969, 0.0249959, 
0.00445455, 0.0468177, 0.0254196, 
-0.0405918, -0.00177391, 0.0119778, 
kernel for o28i8:
-0.0733413, -0.0201925, -0.0318367, 
0.000179001, 0.00496329, 0.00313382, 
-0.0546237, -0.0636139, -0.0266305, 
kernel for o28i9:
0.00649712, -0.0151846, -0.00578566, 
0.0754766, 0.033026, -0.00991113, 
-0.0113238, 0.000544334, -0.0410416, 
kernel for o28i10:
-0.0214674, -0.0547266, -0.0426622, 
-0.0575054, -0.0656031, -0.0669653, 
-0.0475596, -0.0595963, -0.0465692, 
kernel for o28i11:
0.017119, -0.0205263, -0.0196614, 
-0.0341123, -0.0328735, -0.0138659, 
-0.0429416, -0.0617656, -0.0308222, 
kernel for o28i12:
-0.0122684, -0.0199998, -0.0241577, 
-0.0355886, -0.0353579, -0.0129986, 
-0.0510918, -0.0223635, -0.0644632, 
kernel for o28i13:
-0.0547698, -0.0381325, 0.000352964, 
-0.0137138, 0.0202556, 0.00784458, 
-0.0820943, -0.019688, -0.0268531, 
kernel for o28i14:
-0.0193511, -0.0105726, -0.066196, 
0.00239774, -0.029578, 0.0256702, 
-0.0544231, -0.0398976, -0.101444, 
kernel for o28i15:
-0.00977496, 0.00082462, 0.128808, 
0.0899229, 0.118269, 0.0424359, 
-0.0906903, 0.000392249, 0.0890002, 
kernel for o29i0:
-0.0821883, -0.121496, -0.100326, 
0.0638996, -0.0155166, 0.0393864, 
0.0232322, -0.0107765, -0.00819164, 
kernel for o29i1:
-0.104334, -0.219211, -0.143156, 
0.0451579, 0.0186648, 0.0464402, 
0.219688, 0.253222, 0.17766, 
kernel for o29i2:
0.0191893, -0.0667066, -0.0959662, 
0.080109, -0.00771609, -0.0859086, 
0.108522, -0.0392054, -0.0870918, 
kernel for o29i3:
0.0316503, 0.0492831, 0.0594924, 
-0.00493297, 0.0293531, -0.0146595, 
0.0184916, 0.0495789, 0.00158768, 
kernel for o29i4:
0.00963367, -0.0827087, -0.0314404, 
0.130937, 0.120084, 0.0605436, 
0.0253364, 0.141732, 0.0989193, 
kernel for o29i5:
0.161621, 0.152173, 0.126596, 
0.00908091, -0.0270139, -0.0454563, 
-0.0732478, -0.186024, -0.0922582, 
kernel for o29i6:
-0.0987194, -0.16363, -0.112438, 
-0.0234196, -0.0395536, -0.0324566, 
0.00685006, 0.031094, 0.0149665, 
kernel for o29i7:
-0.137544, -0.227411, -0.193361, 
-0.0913085, -0.120693, -0.103007, 
-0.0598483, -0.112225, -0.132423, 
kernel for o29i8:
-0.134838, -0.23732, -0.157665, 
0.161825, 0.136705, 0.06916, 
0.220936, 0.247306, 0.167745, 
kernel for o29i9:
-0.13296, -0.152363, -0.153583, 
-0.0604937, -0.0573448, -0.0825939, 
0.14002, 0.130941, 0.069585, 
kernel for o29i10:
0.0591491, 0.0872918, 0.128521, 
-0.0194231, -0.058721, -0.113795, 
-0.000785174, -0.0934196, -0.0883772, 
kernel for o29i11:
0.0858376, 0.104863, 0.038876, 
-0.0188073, -0.0841754, -0.0846029, 
-0.134108, -0.180934, -0.196317, 
kernel for o29i12:
0.0573011, -0.0563542, -0.0676804, 
0.0476125, -0.0190536, -0.0686808, 
0.052674, -0.106338, -0.0781004, 
kernel for o29i13:
-0.137987, -0.248528, -0.141814, 
0.0982431, 0.0228446, -0.0283805, 
0.142977, 0.210964, 0.0896762, 
kernel for o29i14:
-0.186344, -0.196326, -0.142437, 
0.0381369, 0.0750674, -0.00699998, 
0.0972283, 0.136404, 0.0674312, 
kernel for o29i15:
0.00512036, -0.11642, -0.104899, 
-0.0600959, -0.0313962, -0.0993434, 
0.0859077, 0.0764232, -0.0247376, 
kernel for o30i0:
0.0425391, 0.0497912, 0.00317396, 
0.00586199, 0.031301, 0.0160473, 
-0.0266523, 0.0160107, 0.00797473, 
kernel for o30i1:
0.0609101, 0.076214, 0.0592249, 
0.06033, 0.0924344, 0.0740514, 
-0.0332805, 0.0233119, 0.05859, 
kernel for o30i2:
-0.0325756, -0.00932346, 0.0136404, 
-0.0912367, -0.0482578, -0.0283103, 
-0.0791131, -0.0678472, -0.0416658, 
kernel for o30i3:
0.00415722, 0.00231459, -0.0108472, 
-0.00590781, -0.030895, -0.0196466, 
-0.000441867, -0.0107395, -0.0165699, 
kernel for o30i4:
0.0235701, 0.0208901, 0.0194373, 
-0.0224961, 0.0233428, 0.0296839, 
-0.00935976, -0.0076861, 0.0189209, 
kernel for o30i5:
0.00150513, -0.0198693, 0.0214359, 
-0.0127883, -0.0137397, 0.00876315, 
0.00393613, 0.0159767, -0.00282767, 
kernel for o30i6:
-0.0280865, 0.00285104, -0.00677208, 
-0.0379684, -0.0416695, -0.0323926, 
-0.0462721, -0.0524032, -0.0418961, 
kernel for o30i7:
-0.000494825, -0.00217891, -0.00186455, 
-0.0328388, -0.0307985, -0.0171092, 
-0.0457229, -0.0644699, -0.0258029, 
kernel for o30i8:
0.0651647, 0.0919589, 0.0828882, 
0.010311, 0.0802016, 0.0814935, 
-0.0571717, 0.0132449, 0.0195335, 
kernel for o30i9:
0.0196223, 0.0353441, -0.0143361, 
0.0402314, 0.0417098, 0.0298439, 
-0.00990833, 0.0286085, 0.0316173, 
kernel for o30i10:
0.0193587, -0.0332751, -0.0258342, 
0.0141706, -0.0353155, -0.0311296, 
0.0442016, -0.0239416, -0.0438715, 
kernel for o30i11:
-0.022034, -0.0489872, 0.0251915, 
-0.024797, -0.0320143, -0.00573635, 
1.3286e-05, -0.0577321, 0.00102112, 
kernel for o30i12:
-0.0392778, -0.0346587, -0.0351364, 
-0.0516917, -0.0430747, -0.0363386, 
-0.0645508, -0.0532692, -0.0540442, 
kernel for o30i13:
0.0733207, 0.084613, 0.0542563, 
0.0156712, 0.0710857, 0.0654175, 
-0.0125179, 0.00410726, 0.0113364, 
kernel for o30i14:
0.0324223, 0.0337379, 0.0115303, 
0.0186667, 0.0113029, 0.0101605, 
-0.0492713, -0.019414, 0.0022745, 
kernel for o30i15:
-0.0393482, -0.0690125, -0.0416127, 
-0.0575617, -0.0581456, -0.0473946, 
-0.0624347, -0.0699262, -0.0467256, 
kernel for o31i0:
0.0242928, 0.0559928, 0.0515537, 
0.00701713, -0.00945349, 0.023857, 
-0.00853172, 0.00711653, -0.0124547, 
kernel for o31i1:
0.0452038, 0.0512083, 0.0975671, 
0.0325332, 0.0645292, 0.0502457, 
0.0607962, -0.00170572, -0.0327671, 
kernel for o31i2:
0.00100981, 0.0302805, -0.00712243, 
0.0805404, 0.0506197, 0.0643144, 
0.0875755, 0.0899807, 0.0622407, 
kernel for o31i3:
0.0258152, -0.0397875, -0.00280319, 
0.014306, 0.131784, 0.0618011, 
0.00584432, 0.00787978, 0.0413058, 
kernel for o31i4:
-0.0161624, -0.0394664, -0.0972132, 
0.0711323, 0.0105125, -0.0942434, 
0.0918762, 0.0543952, -0.00269201, 
kernel for o31i5:
0.0182686, 0.0118605, -0.0133092, 
0.0736285, 0.133391, 0.0883144, 
0.110855, 0.0579517, 0.10237, 
kernel for o31i6:
0.0424515, 0.0604971, 0.039363, 
0.062934, 0.0379494, 0.0118834, 
0.0454299, 0.0288677, 0.0387267, 
kernel for o31i7:
-0.0122226, 0.00370379, 0.00626983, 
0.0265167, 0.0333652, 0.0203154, 
0.0190284, 0.0483368, 0.0241279, 
kernel for o31i8:
0.0635788, 0.083736, 0.152955, 
0.0268989, 0.044281, 0.0195907, 
0.0373142, -0.0433768, -0.0603043, 
kernel for o31i9:
0.015558, 0.0241439, 0.0286031, 
0.0284713, 0.05772, 0.0350481, 
-0.0576128, -0.0396541, -0.0526116, 
kernel for o31i10:
0.0530921, 0.0115674, -0.00859586, 
0.0737026, 0.153987, 0.103096, 
0.0652084, 0.0620962, 0.104583, 
kernel for o31i11:
0.0486726, 0.0256654, 0.00195487, 
0.110125, 0.118225, 0.0884533, 
0.080479, 0.131141, 0.138871, 
kernel for o31i12:
0.00907244, 0.00604239, -0.0315559, 
0.0863592, 0.140868, 0.0521426, 
0.131029, 0.185189, 0.102311, 
kernel for o31i13:
0.0229311, 0.0981957, 0.125283, 
0.0263392, 0.0543996, 0.0525101, 
0.0193168, 0.000283996, -0.0203061, 
kernel for o31i14:
0.00599018, 0.0220278, 0.027005, 
-0.0134806, 0.0345561, 0.0148902, 
-0.0321724, -0.0460518, -0.0131476, 
kernel for o31i15:
-0.07138, 0.00179712, -0.00262737, 
-0.0335638, -0.0120102, 0.0103797, 
-0.0394977, 0.0203321, -0.110455, 
